-0.05620000000000003	0.014221703122196314
-0.04619203252032523	0.014306424924045078
-0.03618406504065043	0.014391992657750985
-0.026176097560975636	0.014478418392633741
-0.016168130081300837	0.014565714422701785
-0.0061601626016260375	0.014653893271814161
0.003847804878048755	0.01474296769898336
0.013855772357723561	0.014832950703823766
0.023863739837398354	0.014923855532150261
0.033871707317073146	0.015015695681731809
0.04387967479674795	0.015108484908204966
0.053887642276422745	0.015202237231152554
0.06389560975609754	0.015296966940352702
0.07390357723577234	0.015392688602203965
0.08391154471544715	0.015489417066332153
0.09391951219512193	0.015587167472384833
0.10392747967479674	0.01568595525701975
0.11393544715447154	0.015785796161093563
0.12394341463414632	0.015886706237057485
0.13395138211382113	0.015988701856566846
0.14395934959349593	0.016091799718311657
0.1539673170731707	0.016196016856075662
0.16397528455284552	0.01630137064703166
0.17398325203252032	0.016407878820280934
0.1839912195121951	0.016515559465645403
0.1939991869918699	0.01662443104272093
0.20400715447154472	0.016734512390200875
0.21401512195121952	0.01684582273547928
0.22402308943089433	0.01695838170454331
0.23403105691056908	0.017072209332165186
0.24403902439024389	0.01718732607240396
0.2540469918699187	0.017303752809428214
0.2640549593495935	0.017421510868670928
0.2740629268292683	0.017540622028328436
0.2840708943089431	0.017661108531215667
0.2940788617886179	0.017782993096990597
0.30408682926829267	0.01790629893476111
0.3140947967479675	0.0180310497560883
0.3241027642276423	0.018157269788400425
0.3341107317073171	0.018284983788832827
0.3441186991869919	0.018414217058509312
0.3541266666666667	0.018544995457281353
0.36413463414634145	0.018677345418942202
0.37414260162601626	0.018811293966933526
0.38415056910569106	0.018946868730563195
0.39415853658536587	0.01908409796175335
0.4041665040650407	0.019223010552339007
0.4141744715447155	0.01936363605193808
0.42418243902439023	0.01950600468641473
0.43419040650406504	0.019650147376958863
0.44419837398373985	0.01979609575980561
0.45420634146341465	0.019943882206619776
0.46421430894308946	0.02009353984557106
0.47422227642276427	0.02024510258312737
0.4842302439024391	0.02039860512659445
0.4942382113821139	0.02055408300743156
0.5042461788617887	0.02071157260537413
0.5142541463414635	0.020871111173395743
0.5242621138211382	0.021032736863543337
0.534270081300813	0.02119648875368104
0.5442780487804878	0.021362406875179662
0.5542860162601626	0.021530532241590544
0.5642939837398374	0.02170090687834453
0.5743019512195122	0.02187357385351829
0.584309918699187	0.02204857730971256
0.5943178861788618	0.022225962497089056
0.6043258536585366	0.022405775807614523
0.6143338211382114	0.022588064810563385
0.6243417886178863	0.02277287828933236
0.6343497560975611	0.022960266279623467
0.6443577235772359	0.023150280109054143
0.6543656910569106	0.023342972438256525
0.6643736585365854	0.023538397303530606
0.6743816260162602	0.023736610161119467
0.684389593495935	0.023937667933178027
0.6943975609756098	0.024141629055510525
0.7044055284552846	0.024348553527155332
0.7144134959349594	0.024558502961900288
0.7244214634146342	0.024771540641815554
0.734429430894309	0.024987731572895328
0.7444373983739838	0.025207142542905146
0.7544453658536586	0.02542984218153582
0.7644533333333334	0.025655901022970624
0.7744613008130082	0.025885391570978043
0.7844692682926829	0.026118388366648204
0.7944772357723577	0.026354968058897508
0.8044852032520325	0.026595209477872358
0.8144931707317073	0.026839193711390427
0.8245011382113822	0.02708700418456507
0.834509105691057	0.027338726742766408
0.8445170731707318	0.02759444973808125
0.8545250406504066	0.027854264119442817
0.8645330081300814	0.02811826352661104
0.8745409756097562	0.028386544388193644
0.884548943089431	0.028659206023909867
0.8945569105691058	0.028936350751309365
0.9045648780487805	0.029218083997171376
0.9145728455284553	0.029504514413822056
0.9245808130081301	0.02979575400062154
0.9345887804878049	0.030091918230887287
0.9445967479674797	0.030393126184535366
0.9546047154471546	0.030699500686738462
0.9646126829268293	0.03101116845291692
0.974620650406504	0.031328260240398045
0.984628617886179	0.031650911007099075
0.9946365853658536	0.03197926007761105
1.0046445528455286	0.032313451317083436
1.0146525203252033	0.03265363331333433
1.0246604878048782	0.032999959567637356
1.0346684552845529	0.03335258869466408
1.0446764227642278	0.033711684632091794
1.0546843902439025	0.034077416860417646
1.0646923577235774	0.03444996063355557
1.074700325203252	0.03482949722082918
1.084708292682927	0.035216214161013074
1.0947162601626017	0.03561030552911833
1.1047242276422764	0.036011972216663246
1.1147321951219513	0.03642142222621911
1.124740162601626	0.0368388709810743
1.134748130081301	0.037264541650916194
1.1447560975609756	0.03769866549449113
1.1547640650406505	0.03814148222026878
1.1647720325203252	0.0385932403662076
1.1747800000000002	0.03905419769979392
1.1847879674796749	0.03952462163960979
1.1947959349593498	0.04000478969977261
1.2048039024390245	0.040494989958685244
1.2148118699186994	0.04099552155363861
1.224819837398374	0.0415066952029194
1.2348278048780488	0.04202883375719728
1.2448357723577237	0.042562272782094464
1.2548437398373984	0.043107361173983234
1.2648517073170733	0.043664461811208796
1.274859674796748	0.04423395224310047
1.284867642276423	0.044816225419314334
1.2948756097560976	0.04541169046224492
1.3048835772357725	0.04602077348545556
1.3148915447154472	0.04664391846130691
1.3248995121951221	0.04728158814121415
1.3349074796747968	0.04793426503223484
1.3449154471544718	0.04860245243398749
1.3549234146341465	0.04928667554022349
1.3649313821138211	0.04998748260972901
1.374939349593496	0.050705446211618335
1.3849473170731708	0.05144116455050158
1.3949552845528457	0.05219526287747104
1.4049632520325204	0.052968394993353304
1.4149712195121953	0.053761244851228546
1.42497918699187	0.054574528265821806
1.434987154471545	0.05540899473803824
1.4449951219512196	0.05626542940364147
1.4550030894308945	0.05714465511587919
1.4650110569105692	0.05804753467274094
1.4750190243902441	0.05897497320050717
1.4850269918699188	0.059927920706319485
1.4950349593495935	0.060907374813685855
1.5050429268292684	0.06191438369614099
1.5150508943089431	0.06295004922572722
1.525058861788618	0.06401553035456112
1.5350668292682927	0.06511204674952309
1.5450747967479677	0.06624088270207382
1.5550827642276424	0.06740339133738481
1.5650907317073173	0.06860099914939834
1.575098699186992	0.0698352108911341
1.5851066666666669	0.07110761485257193
1.5951146341463416	0.07241988856179933
1.6051226016260165	0.07377380494886823
1.6151305691056912	0.07517123901600213
1.625138536585366	0.07661417506250061
1.6351465040650408	0.0781047145179611
1.6451544715447155	0.07964508444336263
1.6551624390243904	0.08123764676621907
1.6651704065040651	0.08288490832351125
1.67517837398374	0.08458953179457264
1.6851863414634147	0.08635434761566028
1.6951943089430896	0.08818236697876075
1.7052022764227643	0.09007679602943272
1.7152102439024393	0.092041051392399
1.725218211382114	0.09407877716941057
1.7352261788617889	0.09619386357191267
1.7452341463414636	0.09839046737158294
1.7552421138211383	0.10067303437528734
1.7652500813008132	0.10304632415787643
1.7752580487804879	0.10551543731707665
1.7852660162601628	0.10808584555016873
1.7952739837398375	0.11076342489295847
1.8052819512195124	0.11355449250864685
1.815289918699187	0.11646584746868012
1.825297886178862	0.11950481603080472
1.8353058536585367	0.12267930199290156
1.8453138211382116	0.1259978427865927
1.8553217886178863	0.12946967207431087
1.865329756097561	0.13310478973019102
1.875337723577236	0.13691404022200862
1.8853456910569106	0.1409092005723881
1.8953536585365856	0.14510307926740307
1.9053616260162602	0.14950962770531379
1.9153695934959352	0.15414406604467637
1.9253775609756099	0.15902302562816156
1.9353855284552848	0.1641647105369669
1.9453934959349595	0.16958908128404626
1.9554014634146344	0.17531806419917834
1.9654094308943093	0.1813757907158602
1.9754173983739838	0.1877888715651862
1.9854253658536587	0.19458671184795578
1.9954333333333336	0.2018018741346507
2.005441300813008	0.2094704981862188
2.015449268292683	0.21763278766391866
2.025457235772358	0.22633357638999946
2.035465203252033	0.23562298944389756
2.0454731707317073	0.24555721777516795
2.0554811382113822	0.25619942927285266
2.065489105691057	0.2676208445986533
2.075497073170732	0.27990201289493427
2.0855050406504065	0.2931343311529506
2.0955130081300815	0.3074218621543592
2.1055209756097564	0.3228835202662106
2.1155289430894313	0.3396557130457761
2.1255369105691058	0.3578955510631848
2.1355448780487807	0.37778477060537613
2.1455528455284556	0.3995345568149404
2.15556081300813	0.4233915123303886
2.165568780487805	0.44964509430595373
2.17557674796748	0.47863694896294184
2.185584715447155	0.5107727194357398
2.1955926829268293	0.546537107104164
2.205600650406504	0.5865132549101713
2.215608617886179	0.6314079327191909
2.225616585365854	0.6820845999675242
2.2356245528455285	0.7396072935948564
2.2456325203252034	0.8052995882554188
2.2556404878048784	0.8808248403903914
2.265648455284553	0.9682969505926907
2.2756564227642277	1.0704356169874951
2.2856643902439027	1.1907876297895075
2.2956723577235776	1.3340481396080737
2.305680325203252	1.5065365432085964
2.315688292682927	1.716917151062228
2.325696260162602	1.977317373546427
2.335704227642277	2.3051095489959876
2.3457121951219513	2.725834066904599
2.355720162601626	3.2781474068018563
2.365728130081301	4.02247667452143
2.375736097560976	5.056646938896658
2.3857440650406505	6.5448051712406725
2.3957520325203254	8.770958522571616
2.4057600000000003	12.230130621813858
2.415767967479675	17.72111818397415
2.4257759349593497	26.04308149612281
2.4357839024390247	35.68252558168053
2.4457918699186996	39.173888534644085
2.455799837398374	32.48107155299052
2.465807804878049	23.241663071565164
2.475815772357724	16.570627839365464
2.485823739837399	12.608845352788856
2.4958317073170733	10.527785123562671
2.505839674796748	9.785143007791394
2.515847642276423	10.210052870528688
2.5258556097560976	11.963675847604938
2.5358635772357725	15.48940563733061
2.5458715447154474	20.991158704720245
2.5558795121951223	26.261612217917637
2.565887479674797	25.966378251599355
2.5758954471544717	20.113578822510554
2.5859034146341466	13.990434490197472
2.5959113821138216	9.718276363035313
2.605919349593496	6.999768617797879
2.615927317073171	5.255208450318158
2.625935284552846	4.094776075203369
2.6359432520325203	3.29170281466106
2.6459512195121953	2.7153661752293754
2.65595918699187	2.2885161345554894
2.665967154471545	1.9638127036448505
2.6759751219512196	1.7111812394624386
2.6859830894308945	1.5108636750396123
2.6959910569105694	1.349480829696319
2.7059990243902443	1.2177259654797519
2.716006991869919	1.108969661187048
2.7260149593495937	1.0183902032576606
2.7360229268292686	0.9424164299956632
2.7460308943089435	0.8783617609051023
2.756038861788618	0.824178372785921
2.766046829268293	0.7782887749906894
2.776054796747968	0.7394684170638799
2.7860627642276423	0.706762698535999
2.7960707317073172	0.6794276839334226
2.806078699186992	0.6568875302585432
2.816086666666667	0.6387040044377932
2.8260946341463415	0.6245550269448675
2.8361026016260165	0.6142202385559425
2.8461105691056914	0.6075723449042374
2.8561185365853663	0.6045735758267797
2.8661265040650408	0.6052770946969973
2.8761344715447157	0.6098336823532665
2.8861424390243906	0.6185045765734943
2.896150406504065	0.6316820642403861
2.90615837398374	0.6499204320737064
2.916166341463415	0.6739813911624337
2.92617430894309	0.7049004458081061
2.9361822764227643	0.7440844735816853
2.946190243902439	0.7934570787396574
2.956198211382114	0.8556790085578129
2.966206178861789	0.9344897144681499
2.9762141463414635	1.0352500136150493
2.9862221138211384	1.165828676425145
2.9962300813008134	1.3380958545598673
3.0062380487804883	1.5705214841195443
3.0162460162601628	1.8928439601986224
3.0262539837398377	2.3546852734878927
3.0362619512195126	3.041555949017913
3.046269918699187	4.102867234135439
3.056277886178862	5.786212828167595
3.066285853658537	8.3836193275148
3.076293821138212	11.636660003909709
3.0863017886178863	13.379974887780138
3.096309756097561	11.617059293834828
3.106317723577236	8.471428727380262
3.116325691056911	6.030945047636185
3.1263336585365855	4.512678954383265
3.1363416260162604	3.6299574102852823
3.1463495934959353	3.1520226397039135
3.15635756097561	2.95173481934838
3.1663655284552847	2.9755130520778805
3.1763734959349597	3.2243784342634996
3.1863814634146346	3.75412614292564
3.196389430894309	4.6946282265906545
3.206397398373984	6.27995216227935
3.216405365853659	8.798296259407595
3.226413333333334	12.021529813343003
3.2364213008130083	13.840711470821416
3.246429268292683	12.174896239706959
3.256437235772358	9.068167361651977
3.266445203252033	6.674985083045814
3.2764531707317075	5.261021123258546
3.2864611382113824	4.569300023856765
3.2964691056910573	4.414786361447584
3.306477073170732	4.755723616290268
3.3164850406504067	5.692176863116847
3.3264930081300816	7.459990616045678
3.3365009756097566	10.229826068263769
3.346508943089431	13.092211903546858
3.356516910569106	13.295538633840179
3.366524878048781	10.46337959929814
3.376532845528456	7.356436368946801
3.3865408130081303	5.179842132200245
3.396548780487805	3.8054690268763722
3.40655674796748	2.9362129484513306
3.4165647154471546	2.3705052365721087
3.4265726829268295	1.9913980420510522
3.4365806504065044	1.732086673495538
3.4465886178861793	1.5536803396673091
3.456596585365854	1.4330411929805635
3.4666045528455287	1.356300106659619
3.4766125203252036	1.315388395382256
3.4866204878048785	1.3062059297893776
3.496628455284553	1.3277454275125538
3.506636422764228	1.3818669244984836
3.516644390243903	1.4736440158094797
3.5266523577235778	1.6123936256570501
3.5366603252032522	1.8137430771300327
3.546668292682927	2.1034985254150027
3.556676260162602	2.524850111966152
3.5666842276422766	3.1518379628564754
3.5766921951219515	4.113674273075007
3.5867001626016264	5.630453926278428
3.5967081300813013	8.010085781836471
3.6067160975609758	11.295089319720399
3.6167240650406507	13.981301618427116
3.6267320325203256	13.439963627990688
3.6367400000000005	10.737576345336945
3.646747967479675	8.556830773412033
3.65675593495935	7.670174857128306
3.666763902439025	8.065957488106042
3.6767718699186993	9.770296539033405
3.6867798373983742	12.477883760178601
3.696787804878049	14.157541897625489
3.706795772357724	12.440941343514671
3.7168037398373985	9.055127344002036
3.7268117073170735	6.28473287123642
3.7368196747967484	4.467447521770352
3.7468276422764233	3.3116372644004164
3.7568356097560978	2.5571715941125244
3.7668435772357727	2.0451965961859897
3.7768515447154476	1.6843036760998173
3.786859512195122	1.421218403447758
3.796867479674797	1.2238656277434288
3.806875447154472	1.072218401650651
3.816883414634147	0.9533275587176193
3.8268913821138213	0.858549222110925
3.836899349593496	0.7819470695205327
3.846907317073171	0.719340687045515
3.856915284552846	0.6677207127415993
3.8669232520325205	0.6248788596493227
3.8769312195121954	0.5891676324415773
3.8869391869918704	0.5593405241945321
3.8969471544715453	0.5344434508033102
3.9069551219512197	0.513739587531584
3.9169630894308947	0.4966564652328728
3.9269710569105696	0.4827482113300023
3.936979024390244	0.471668302265282
3.946986991869919	0.4631497577847073
3.956994959349594	0.4569907140765891
3.967002926829269	0.45304397489466497
3.9770108943089437	0.4512095852675626
3.9870188617886186	0.4514297800335955
3.9970268292682927	0.4536858790249521
4.007034796747968	0.4579968646936534
4.017042764227643	0.4644195083931745
4.027050731707318	0.47305002445602645
4.037058699186993	0.48402733955958155
4.047066666666668	0.4975381805844994
4.057074634146343	0.5138243200794046
4.067082601626016	0.5331924903332578
4.077090569105691	0.5560277062825765
4.087098536585366	0.5828110548072956
4.0971065040650405	0.6141434595148622
4.107114471544715	0.6507775869951751
4.11712243902439	0.6936610349504414
4.127130406504065	0.7439954152974372
4.13713837398374	0.8033182134759014
4.147146341463415	0.8736178678702438
4.15715430894309	0.9574982276156611
4.167162276422765	1.0584179204881226
4.17717024390244	1.1810459132917406
4.187178211382115	1.331801707936267
4.19718617886179	1.5196967626754607
4.207194146341465	1.7576815775419286
4.217202113821138	2.0648679343257608
4.227210081300813	2.4703144302872353
4.237218048780488	3.0196906961039947
4.2472260162601625	3.787366271995373
4.257233983739837	4.898712023694162
4.267241951219512	6.570137583859094
4.277249918699187	9.16818389788773
4.287257886178862	13.211324699375137
4.297265853658537	18.866223388086777
4.307273821138212	24.285554671716334
4.317281788617887	25.928372723511327
4.327289756097562	22.989037085348585
4.337297723577237	18.565507809306787
4.347305691056912	15.96219130594771
4.357313658536587	15.880605841431702
4.36732162601626	16.990961838396764
4.377329593495935	16.132174779180254
4.38733756097561	12.581811692146912
4.3973455284552845	8.945378995951268
4.407353495934959	6.381846805065699
4.417361463414634	4.722586286164296
4.427369430894309	3.6378415219703033
4.437377398373984	2.903779851656794
4.447385365853659	2.388651284098795
4.457393333333334	2.015545374702365
4.467401300813009	1.7383523443349032
4.477409268292684	1.5284673947848098
4.487417235772359	1.3675625062911436
4.497425203252034	1.2435807335942255
4.507433170731709	1.1484529815043605
4.517441138211382	1.0767628185259583
4.527449105691057	1.0249548927624461
4.5374570731707315	0.9908726056634817
4.5474650406504065	0.973512225949273
4.557473008130081	0.9729392615165624
4.567480975609756	0.9903525296908022
4.577488943089431	1.0283166159589854
4.587496910569106	1.0912269886684522
4.597504878048781	1.1861409161856198
4.607512845528456	1.3242315164426168
4.617520813008131	1.52336090609461
4.627528780487806	1.8127394669017933
4.637536747967481	2.2415545943079676
4.647544715447156	2.8950246410922773
4.657552682926831	3.9224859471469764
4.667560650406504	5.571531650015471
4.677568617886179	8.132344772717406
4.6875765853658535	11.335046229046686
4.6975845528455284	12.996010791901345
4.707592520325203	11.142873549118352
4.717600487804878	7.920174234096029
4.727608455284553	5.3945807594734365
4.737616422764228	3.7681712308725204
4.747624390243903	2.745664219093947
4.757632357723578	2.0852070946041765
4.767640325203253	1.641813523225164
4.777648292682928	1.332622122899729
4.787656260162603	1.1095577641095458
4.797664227642278	0.9438110263055016
4.8076721951219525	0.8174921899822306
4.817680162601626	0.7191063719043024
4.827688130081301	0.6410331350847822
4.8376960975609755	0.5780767254319621
4.84770406504065	0.5266047535159836
4.857712032520325	0.48402056499724083
4.86772	0.44843074661080856
4.877727967479675	0.4184301112885274
4.88773593495935	0.392959345837372
4.897743902439025	0.3712087333079135
4.9077518699187	0.3525517664016711
4.917759837398375	0.33649856479255336
4.92776780487805	0.3226626704654165
4.937775772357725	0.3107370447526965
4.9477837398374	0.30047650267983383
4.957791707317073	0.29168472418506736
4.967799674796748	0.2842045714219423
4.977807642276423	0.2779108328872628
4.9878156097560975	0.27270477968154155
4.997823577235772	0.26851010119945706
5.007831544715447	0.2652699152026909
5.017839512195122	0.2629446388689126
5.027847479674797	0.2615105752009291
5.037855447154472	0.26095912143488803
5.047863414634147	0.2612965487404129
5.057871382113822	0.26254434008025573
5.067879349593497	0.26474010938751513
5.077887317073172	0.2679391638388346
5.087895284552847	0.27221681589703534
5.097903252032522	0.2776716078160351
5.107911219512195	0.28442968495037996
5.11791918699187	0.29265065473840973
5.127927154471545	0.30253540928667993
5.1379351219512195	0.31433659179088586
5.147943089430894	0.32837268270542963
5.157951056910569	0.3450471214003151
5.167959024390244	0.3648745448391611
5.177966991869919	0.38851725099205303
5.187974959349594	0.41683660662926403
5.197982926829269	0.45096670292970087
5.207990894308944	0.49242179481624004
5.217998861788619	0.5432561568586501
5.228006829268294	0.6063071906420705
5.238014796747969	0.6855741672392286
5.248022764227644	0.78682413294948
5.258030731707317	0.9185897068756137
5.268038699186992	1.0938642847854103
5.2780466666666666	1.3330773180416235
5.2880546341463415	1.6694827864334092
5.298062601626016	2.159151505002088
5.308070569105691	2.8994476596571204
5.318078536585366	4.060136014337366
5.328086504065041	5.91233161022394
5.338094471544716	8.706973138191328
5.348102439024391	11.838987828150167
5.358110406504066	12.727130935998419
5.368118373983741	10.279847237790277
5.378126341463416	7.1323467381109955
5.388134308943091	4.842585699587013
5.398142276422766	3.391551225537068
5.408150243902439	2.4781449233719357
5.418158211382114	1.885193521865335
5.4281661788617885	1.4853518426629324
5.4381741463414635	1.2058213222770209
5.448182113821138	1.0040934169458355
5.458190081300813	0.8544960305921727
5.468198048780488	0.7409677806239391
5.478206016260163	0.6531197290624966
5.488213983739838	0.5840258762015645
5.498221951219513	0.5289426810595285
5.508229918699188	0.4845428774318552
5.518237886178863	0.4484430532374127
5.528245853658538	0.4189042157533841
5.538253821138213	0.3946371839515835
5.5482617886178875	0.3746732177256886
5.558269756097561	0.3582762572679603
5.568277723577236	0.3448823153920082
5.5782856910569105	0.3340569716190663
5.588293658536585	0.3254651829883409
5.59830162601626	0.3188496459814232
5.608309593495935	0.3140152205835337
5.61831756097561	0.3108177526264161
5.628325528455285	0.30915617657502176
5.63833349593496	0.30896715237654804
5.648341463414635	0.3102217520299444
5.65834943089431	0.31292390621428345
5.668357398373985	0.31711047727837416
5.67836536585366	0.3228529634127607
5.688373333333335	0.33026097794110226
5.6983813008130095	0.3394878055319056
5.708389268292683	0.35073853536764366
5.718397235772358	0.36428153924566886
5.7284052032520325	0.3804644434812723
5.738413170731707	0.399736304529096
5.748421138211382	0.42267854748080674
5.758429105691057	0.45004854251738924
5.768437073170732	0.48284177902578335
5.778445040650407	0.5223819737806131
5.788453008130082	0.5704540474961732
5.798460975609757	0.6295044151856348
5.808468943089432	0.7029496238731645
5.818476910569107	0.7956641142516631
5.828484878048782	0.9147727720451159
5.838492845528457	1.0709781923156114
5.84850081300813	1.2808558667510261
5.858508780487805	1.5709537841962977
5.86851674796748	1.9853262834761187
5.8785247154471545	2.599559944142978
5.888532682926829	3.5459151744172814
5.898540650406504	5.048712503196822
5.908548617886179	7.409368561948194
5.918556585365854	10.591419796292678
5.928564552845529	12.887074818573096
5.938572520325204	11.766820754451535
5.948580487804879	8.603101111227348
5.958588455284554	5.878551122043249
5.968596422764229	4.091143164478067
5.978604390243904	2.974914811392106
5.988612357723579	2.265332937649883
5.998620325203252	1.7988078684859994
6.008628292682927	1.4817043614532348
6.018636260162602	1.2600855366925618
6.0286442276422765	1.1019685676784166
6.038652195121951	0.9877490404473872
6.048660162601626	0.9050354807741027
6.058668130081301	0.8457964869951594
6.068676097560976	0.8047379530072819
6.078684065040651	0.7783538260147018
6.088692032520326	0.7643588281870999
6.098700000000001	0.7613466763171653
6.108707967479676	0.7685881929393272
6.118715934959351	0.7859223959394879
6.128723902439026	0.8137161016101042
6.138731869918701	0.8528820266096404
6.148739837398374	0.9049565113118857
6.158747804878049	0.9722490439317595
6.1687557723577235	1.0580898395878562
6.1787637398373985	1.1672229939761456
6.188771707317073	1.3064281565896387
6.198779674796748	1.485516167298488
6.208787642276423	1.7189588933184263
6.218795609756098	2.0286314213844943
6.228803577235773	2.448569945166376
6.238811544715448	3.0334923600895554
6.248819512195123	3.8744842963252637
6.258827479674798	5.1281972415955925
6.268835447154473	7.068859140379177
6.278843414634148	10.158873078214656
6.2888513821138226	14.998661557210047
6.298859349593496	21.394692704327838
6.308867317073171	25.642863316576715
6.3188752845528455	22.946112365341804
6.3288832520325204	16.55614843588585
6.338891219512195	11.218657943739036
6.34889918699187	7.737484542142842
6.358907154471545	5.5573666810922555
6.36891512195122	4.1621254801720555
6.378923089430895	3.235809175901072
6.38893105691057	2.597646421566507
6.398939024390245	2.1432150355184545
6.40894699186992	1.81030826958035
6.418954959349595	1.560535819242612
6.42896292682927	1.3693798564470254
6.4389708943089445	1.220682879595441
6.448978861788618	1.1034935835715054
6.458986829268293	1.0102025789930074
6.4689947967479675	0.9354059666014994
6.479002764227642	0.8751925561652536
6.489010731707317	0.8266850324628259
6.499018699186992	0.7877375817665139
6.509026666666667	0.7567323974839114
6.519034634146342	0.7324401650380651
6.529042601626017	0.7139228662849404
6.539050569105692	0.700465169088085
6.549058536585367	0.6915255250784856
6.559066504065042	0.6867011436195485
6.569074471544717	0.6857029615728796
6.579082439024392	0.6883380082936866
6.5890904065040665	0.6944974266220555
6.59909837398374	0.7041490095051371
6.609106341463415	0.7173335474483713
6.6191143089430895	0.7341646201125455
6.629122276422764	0.754831752950781
6.639130243902439	0.7796071341288513
6.649138211382114	0.8088563827579714
6.659146178861789	0.8430542149692732
6.669154146341464	0.8828063185826296
6.679162113821139	0.928879389578612
6.689170081300814	0.9822422093608211
6.699178048780489	1.0441220164185727
6.709186016260164	1.1160825180333507
6.719193983739839	1.2001331439416736
6.729201951219514	1.298884325642512
6.739209918699187	1.4157720208109532
6.749217886178862	1.555388768892172
6.759225853658537	1.7239826260964255
6.7692338211382115	1.9302276202216009
6.779241788617886	2.1864458535447495
6.789249756097561	2.510603837704482
6.799257723577236	2.929678660828813
6.809265691056911	3.4855255997866967
6.819273658536586	4.245442274315019
6.829281626016261	5.3216745420782905
6.839289593495936	6.907453988907708
6.849297560975611	9.338268460613248
6.859305528455286	13.15412503067947
6.869313495934961	18.895951260503075
6.879321463414636	25.557491164360854
6.889329430894309	28.171847243334547
6.899337398373984	24.113181164935572
6.9093453658536585	18.542511717439247
6.9193533333333335	14.948246339290433
6.929361300813008	13.582387413315281
6.939369268292683	14.170342514300518
6.949377235772358	16.73298092650131
6.959385203252033	21.200292161458567
6.969393170731708	26.02159560450584
6.979401138211383	29.07908145008252
6.989409105691058	31.01894462197584
6.999417073170733	31.176093798880732
7.009425040650408	28.17252336038186
7.019433008130083	22.444600345566926
7.029440975609758	16.726238858306772
7.039448943089431	12.77741399384105
7.049456910569106	10.478777390014342
7.0594648780487805	9.360381735858825
7.0694728455284555	9.145621887818606
7.07948081300813	9.789411800101888
7.089488780487805	11.477109206749818
7.09949674796748	14.654114093881281
7.109504715447155	19.884391429357752
7.11951268292683	26.590569458583776
7.129520650406505	30.3866569506498
7.13952861788618	27.699754526139444
7.149536585365855	23.26198902171052
7.15954455284553	21.217320851373376
7.169552520325205	20.741053185347493
7.1795604878048795	18.46433781317785
7.189568455284553	14.168287364029677
7.199576422764228	10.318325329053579
7.2095843902439025	7.686030539582225
7.219592357723577	5.985428572214337
7.229600325203252	4.873020680236302
7.239608292682927	4.127006130160247
7.249616260162602	3.617976953302241
7.259624227642277	3.2708702104760143
7.269632195121952	3.0417254769010396
7.279640162601627	2.9050752515769727
7.289648130081302	2.847326735243403
7.299656097560977	2.8634932248740332
7.309664065040652	2.95599682899022
7.319672032520327	3.135071376534922
7.3296800000000015	3.4208691111507967
7.339687967479675	3.847988536674213
7.34969593495935	4.474088017159543
7.3597039024390245	5.395951716796883
7.369711869918699	6.779248931894825
7.379719837398374	8.910575523235028
7.389727804878049	12.263768128243955
7.399735772357724	17.4334891579978
7.409743739837399	24.327138312312993
7.419751707317074	30.800564693713653
7.429759674796749	34.44969147963047
7.439767642276424	32.62993343871902
7.449775609756099	25.194354482391248
7.459783577235774	17.514208412865468
7.469791544715449	12.136720042675194
7.4797995121951235	8.72042668556647
7.489807479674797	6.540245898295018
7.499815447154472	5.102732608895448
7.5098234146341465	4.119824301176645
7.519831382113821	3.4255038614338975
7.529839349593496	2.9217469898002535
7.539847317073171	2.5487384209077177
7.549855284552846	2.2687915217228825
7.559863252032521	2.05751237587959
7.569871219512196	1.8988083566491738
7.579879186991871	1.7819918121162979
7.589887154471546	1.7000682545306403
7.599895121951221	1.648726239440511
7.609903089430896	1.625771154150931
7.619911056910571	1.6308705721729397
7.629919024390244	1.6655570103759991
7.639926991869919	1.7334942017607395
7.6499349593495936	1.8410764893783558
7.6599429268292685	1.9985206104500557
7.669950894308943	2.2217609933985587
7.679958861788618	2.5357417067907533
7.689966829268293	2.9802468514516818
7.699974796747968	3.6204969454152254
7.709982764227643	4.566825889528197
7.719990731707318	6.011114970898606
7.729998699186993	8.288422862597946
7.740006666666668	11.936377585730988
7.750014634146343	17.46768801344986
7.760022601626018	23.746815569654025
7.770030569105693	25.674614159271485
7.780038536585366	20.872747736412194
7.790046504065041	14.54642079831652
7.8000544715447155	9.913475317721058
7.8100624390243905	6.972129946269762
7.820070406504065	5.1196380224930484
7.83007837398374	3.9167926555043673
7.840086341463415	3.105603543657614
7.85009430894309	2.538622917252523
7.860102276422765	2.1298332602929664
7.87011024390244	1.8273569060068129
7.880118211382115	1.598799892579996
7.89012617886179	1.4232700344483364
7.900134146341465	1.2869042018629229
7.91014211382114	1.1802809317853655
7.9201500813008145	1.096876851435569
7.930158048780488	1.0321200120207663
7.940166016260163	0.9827959362600039
7.9501739837398375	0.9466691962152501
7.960181951219512	0.9222416281961935
7.970189918699187	0.9086011725909349
7.980197886178862	0.9053346905486251
7.990205853658537	0.912490252978943
8.000213821138212	0.9305828529039774
8.010221788617887	0.9606444700742467
8.020229756097562	1.0043266196430487
8.030237723577237	1.0640727236583838
8.04024569105691	1.1433913288796727
8.050253658536585	1.2472834621876117
8.06026162601626	1.382915724538665
8.070269593495935	1.5606993269450429
8.08027756097561	1.796062338589611
8.090285528455285	2.1124450397227625
8.10029349593496	2.5465235707246867
8.110301463414634	3.157611090974466
8.12030943089431	4.0450250084443935
8.130317398373984	5.380361028326786
8.14032536585366	7.463879192387165
8.150333333333334	10.792611877512764
8.160341300813009	15.94572104519756
8.170349268292684	22.365612018335586
8.180357235772359	25.656208474241897
8.190365203252032	21.91971836300474
8.200373170731707	15.48658446529428
8.210381138211382	10.45973898123179
8.220389105691057	7.226979364873614
8.230397073170732	5.196816176162994
8.240405040650407	3.8871620047320854
8.250413008130081	3.0092780272533624
8.260420975609756	2.398171839960189
8.270428943089431	1.9581154431045085
8.280436910569106	1.6317425105921353
8.290444878048781	1.3834323556789516
8.300452845528456	1.1903002452385754
8.310460813008131	1.0371779846709703
8.320468780487806	0.9137261336877183
8.33047674796748	0.8127180522682894
8.340484715447154	0.7289885776101439
8.350492682926829	0.6587714263589258
8.360500650406504	0.5992706499450696
8.370508617886179	0.5483768616819498
8.380516585365854	0.504475258198116
8.390524552845529	0.46631318198775606
8.400532520325203	0.43290711711271185
8.410540487804878	0.4034763043423394
8.420548455284553	0.377394643724424
8.430556422764228	0.3541553649414673
8.440564390243903	0.33334474546360543
8.450572357723578	0.31462232918879285
8.460580325203253	0.29770587535432863
8.470588292682928	0.28235979056900035
8.480596260162603	0.2683861540535272
8.490604227642276	0.2556176934941007
8.50061219512195	0.2439122423166202
8.510620162601626	0.2331483322194121
8.5206281300813	0.223221663069125
8.530636097560976	0.2140422562561557
8.54064406504065	0.20553214445662032
8.550652032520325	0.19762348536828828
8.56066	0.19025701279526347
8.570667967479675	0.18338075785358912
8.58067593495935	0.1769489877639227
8.590683902439025	0.17092132091122533
8.6006918699187	0.16526198546972962
8.610699837398375	0.15993919555940905
8.62070780487805	0.15492462409208435
8.630715772357725	0.15019295553245182
8.640723739837398	0.14572150500384018
8.650731707317073	0.14148989270730017
8.660739674796748	0.13747976464466435
8.670747642276423	0.13367455225474148
8.680755609756098	0.13005926487370667
8.690763577235773	0.1266203099827276
8.700771544715447	0.12334533705973322
8.710779512195122	0.12022310154823182
8.720787479674797	0.11724334602573645
8.730795447154472	0.11439669612242732
8.740803414634147	0.11167456912675218
8.750811382113822	0.10906909353425699
8.760819349593497	0.10657303806143363
8.770827317073172	0.10417974886767077
8.780835284552847	0.1018830939134608
8.79084325203252	0.09967741353827071
8.800851219512195	0.09755747647212322
8.81085918699187	0.09551844060519768
8.820867154471545	0.09355581793306458
8.83087512195122	0.09166544317437403
8.840883089430895	0.08984344562520817
8.85089105691057	0.08808622387180391
8.860899024390244	0.08639042303253436
8.87090699186992	0.0847529142421987
8.880914959349594	0.08317077612790928
8.890922926829269	0.08164127805707941
8.900930894308944	0.08016186496495867
8.910938861788619	0.07873014359248086
8.920946829268294	0.07734386998539718
8.930954796747967	0.07600093812323018
8.940962764227642	0.07469936956186587
8.950970731707317	0.07343730398693717
8.960978699186992	0.07221299058679234
8.970986666666667	0.07102478016404741
8.980994634146342	0.06987111791365863
8.991002601626016	0.06875053680330853
9.001010569105691	0.06766165149881181
9.011018536585366	0.06660315278333953
9.021026504065041	0.06557380242464068
9.031034471544716	0.06457242844919556
9.041042439024391	0.06359792078644748
9.051050406504066	0.06264922724999641
9.061058373983741	0.0617253498259556
9.071066341463416	0.06082534124162314
9.081074308943089	0.05994830179025166
9.091082276422764	0.059093376390040434
9.101090243902439	0.05825975185757402
9.111098211382114	0.057446654377797744
9.121106178861789	0.05665334715430303
9.131114146341464	0.05587912822519645
9.141122113821138	0.05512332843117592
9.151130081300813	0.054385309523651844
9.161138048780488	0.05366446240184104
9.171146016260163	0.05296020546874472
9.181153983739838	0.05227198309680913
9.191161951219513	0.05159926419486661
9.201169918699188	0.050941540868679434
9.211177886178863	0.050298327168062366
9.221185853658538	0.049669157914152696
9.231193821138211	0.04905358760093481
9.241201788617886	0.04845118936561214
9.25120975609756	0.047861554022864905
9.261217723577236	0.047284289158431594
9.27122569105691	0.0467190182778218
9.281233658536586	0.046165380006299904
9.29124162601626	0.04562302733658374
9.301249593495935	0.0450916269209818
9.31125756097561	0.0445708584049437
9.321265528455285	0.044060413799232874
9.33127349593496	0.04355999688814141
9.341281463414635	0.043069322671361626
9.35128943089431	0.04258811683730731
9.361297398373985	0.04211611526584028
9.37130536585366	0.041653063558508535
9.381313333333333	0.041198716594539386
9.391321300813008	0.04075283811095766
9.401329268292683	0.04031520030531655
9.411337235772358	0.03988558345963359
9.421345203252033	0.03946377558422542
9.431353170731708	0.03904957208022502
9.441361138211382	0.03864277541964845
9.451369105691057	0.03824319484195738
9.461377073170732	0.03785064606613362
9.471385040650407	0.03746495101734899
9.481393008130082	0.037085937567375375
9.491400975609757	0.036713439287935766
9.501408943089432	0.036347295216250214
9.511416910569107	0.035987349632078974
9.521424878048782	0.035633451845610745
9.531432845528455	0.03528545599558518
9.54144081300813	0.034943220857078
9.551448780487805	0.03460660965841402
9.56145674796748	0.03427548990670492
9.571464715447155	0.033949733221542586
9.58147268292683	0.03362921517640536
9.591480650406504	0.03331381514736343
9.60148861788618	0.03300341616869419
9.611496585365854	0.03269790479504127
9.62150455284553	0.032397170969774215
9.631512520325204	0.03210110789922534
9.641520487804879	0.0318096119324991
9.651528455284554	0.031522582446568456
9.661536422764229	0.03123992173638811
9.671544390243904	0.03096153490977059
9.681552357723577	0.030687329786786115
9.691560325203252	0.030417216803459796
9.701568292682927	0.030151108919554078
9.711576260162602	0.029888921530234598
9.721584227642277	0.029630572381430013
9.731592195121952	0.02937598148870673
9.741600162601626	0.02912507105948867
9.751608130081301	0.028877765418462563
9.761616097560976	0.02863399093601674
9.771624065040651	0.02839367595957072
9.781632032520326	0.028156750747659654
9.791640000000001	0.027923147406645525
9.801647967479676	0.02769279982993345
9.81165593495935	0.027465643639577975
9.821663902439024	0.027241616130170298
9.831671869918699	0.027020656214902534
9.841679837398374	0.026802704373711822
9.851687804878049	0.026587702603409966
9.861695772357724	0.026375594369711146
9.871703739837399	0.026166324561073366
9.881711707317073	0.025959839444274213
9.891719674796748	0.025756086621644886
9.901727642276423	0.02555501498989092
9.911735609756098	0.02535657470043099
9.921743577235773	0.025160717121188777
9.931751544715448	0.024967394799776128
9.941759512195123	0.024776561428008402
9.951767479674798	0.024588171807696384
9.961775447154473	0.02440218181766088
9.971783414634146	0.02421854838191962
9.98179138211382	0.02403722943899769
9.991799349593496	0.023858183912315867
10.00180731707317	0.023681371681612176
10.011815284552846	0.023506753555355257
10.02182325203252	0.023334291244109347
10.031831219512195	0.023163947334812834
10.04183918699187	0.022995685265933666
10.051847154471545	0.022829469303467232
10.06185512195122	0.02266526451774317
10.071863089430895	0.022503036761009655
10.08187105691057	0.022342752645764734
10.091879024390245	0.022184379523805687
10.10188699186992	0.022027885465968972
10.111894959349595	0.02187323924253407
10.121902926829268	0.02172041030426606
10.131910894308943	0.02156936876407259
10.141918861788618	0.02142008537925233
10.151926829268293	0.021272531534312408
10.161934796747968	0.021126679224333846
10.171942764227643	0.020982501038864627
10.181950731707317	0.0208399701463209
10.191958699186992	0.020699060278877638
10.201966666666667	0.020559745717831087
10.211974634146342	0.02042200127941559
10.221982601626017	0.020285802301058628
10.231990569105692	0.020151124628058174
10.241998536585367	0.02001794460066738
10.252006504065042	0.019886239041572086
10.262014471544717	0.019755985243747172
10.27202243902439	0.019627160958678603
10.282030406504065	0.01949974438493809
10.29203837398374	0.01937371415709853
10.302046341463415	0.019249049334977883
10.31205430894309	0.019125729393200556
10.322062276422765	0.019003734211065222
10.33207024390244	0.01888304406270875
10.342078211382114	0.018763639607555966
10.35208617886179	0.018645501881045846
10.362094146341464	0.018528612285624666
10.37210211382114	0.0184129525819972
10.382110081300814	0.018298504880627463
10.392118048780489	0.01818525163348065
10.402126016260164	0.018073175625998264
10.412133983739839	0.01796225996929896
10.422141951219512	0.01785248809259754
10.432149918699187	0.01774384373583504
10.442157886178862	0.017636310942513295
10.452165853658537	0.017529874052726994
10.462173821138212	0.017424517696387337
10.472181788617887	0.017320226786630748
10.482189756097561	0.01721698651340719
10.492197723577236	0.017114782337242063
10.502205691056911	0.01701359998316641
10.512213658536586	0.01691342543481007
10.522221626016261	0.016814244928652786
10.532229593495936	0.016716044948428255
10.542237560975611	0.016618812219676486
10.552245528455286	0.01652253370443987
10.56225349593496	0.016427196596098485
10.572261463414634	0.016332788314340648
10.582269430894309	0.016239296500264143
10.592277398373984	0.01614670901160474
10.602285365853659	0.016055013918087772
10.612293333333334	0.01596419949689913
10.622301300813008	0.015874254228272336
10.632309268292683	0.01578516679118803
10.642317235772358	0.015696926059182593
10.652325203252033	0.01560952109626281
10.662333170731708	0.015522941152923264
10.672341138211383	0.015437175662263675
10.682349105691058	0.01535221423620313
10.692357073170733	0.015268046661788435
10.702365040650408	0.015184662897593952
10.712373008130081	0.015102053070210158
10.722380975609756	0.015020207470818505
10.73238894308943	0.014939116551850143
10.742396910569106	0.014858770923725987
10.75240487804878	0.014779161351675963
10.762412845528456	0.014700278752635151
10.77242081300813	0.01462211419221477
10.782428780487805	0.014544658881745675
10.79243674796748	0.014467904175392685
10.802444715447155	0.01439184156733752
10.81245268292683	0.014316462689028583
10.822460650406505	0.014241759306495716
10.83246861788618	0.014167723317728196
10.842476585365855	0.01409434675011418
10.85248455284553	0.014021621757939988
10.862492520325203	0.013949540619947642
10.872500487804878	0.013878095736948938
10.882508455284553	0.01380727962949483
10.892516422764228	0.013737084935598295
10.902524390243903	0.013667504408509518
10.912532357723578	0.013598530914541987
10.922540325203252	0.013530157430947974
10.932548292682927	0.013462377043842342
10.942556260162602	0.013395182946173253
10.952564227642277	0.013328568435738661
10.962572195121952	0.013262526913247263
10.972580162601627	0.013197051880422982
10.982588130081302	0.013132136938151608
10.992596097560977	0.013067775784668704
11.002604065040652	0.013003962213787615
11.012612032520325	0.01294069011316671
11.02262	0.012877953462614552
11.032627967479675	0.012815746332432496
11.04263593495935	0.012754062881793328
11.052643902439025	0.012692897357155316
11.0626518699187	0.012632244090710702
11.072659837398374	0.0125720974988678
11.08266780487805	0.012512452080765834
11.092675772357724	0.012453302416821726
11.1026837398374	0.012394643167308093
11.112691707317074	0.012336469070961616
11.122699674796749	0.0122787749436211
11.132707642276424	0.012221555676894468
11.142715609756099	0.012164806236853952
11.152723577235774	0.012108521662758998
11.162731544715447	0.012052697065805909
11.172739512195122	0.011997327627903811
11.182747479674797	0.01194240860047633
11.192755447154472	0.011887935303288168
11.202763414634147	0.011833903123296227
11.212771382113822	0.011780307513524508
11.222779349593496	0.011727143991962376
11.232787317073171	0.011674408140485567
11.242795284552846	0.011622095603799409
11.252803252032521	0.01157020208840376
11.262811219512196	0.011518723361579157
11.272819186991871	0.011467655250393739
11.282827154471546	0.01141699364073035
11.29283512195122	0.011366734476333426
11.302843089430896	0.011316873757875361
11.312851056910569	0.01126740754204156
11.322859024390244	0.011218331940634136
11.332866991869919	0.011169643119693623
11.342874959349594	0.0111213372986383
11.352882926829269	0.01107341074942084
11.362890894308944	0.011025859795701821
11.372898861788618	0.010978680812039721
11.382906829268293	0.010931870223097112
11.392914796747968	0.010885424502862602
11.402922764227643	0.010839340173888243
11.412930731707318	0.010793613806542063
11.422938699186993	0.010748242018275357
11.432946666666668	0.010703221472904487
11.442954634146343	0.01065854887990681
11.452962601626018	0.01061422099373047
11.462970569105691	0.01057023461311777
11.472978536585366	0.010526586580441786
11.48298650406504	0.010483273781056035
11.492994471544716	0.01044029314265678
11.50300243902439	0.010397641634657924
11.513010406504065	0.010355316267577958
11.52301837398374	0.01031331409243898
11.533026341463415	0.010271632200177343
11.54303430894309	0.010230267721065802
11.553042276422765	0.010189217824146894
11.56305024390244	0.010148479716677317
11.573058211382115	0.010108050643583078
11.58306617886179	0.010067927886925223
11.593074146341465	0.010028108765375937
11.603082113821138	0.009988590633704763
11.613090081300813	0.009949370882274794
11.623098048780488	0.009910446936548625
11.633106016260163	0.009871816256603863
11.643113983739838	0.009833476336658034
11.653121951219513	0.009795424704602646
11.663129918699187	0.009757658921546349
11.673137886178862	0.009720176581366868
11.683145853658537	0.009682975310271704
11.693153821138212	0.009646052766367293
11.703161788617887	0.009609406639236557
11.713169756097562	0.009573034649524671
11.723177723577237	0.009536934548532872
11.733185691056912	0.009501104117820191
11.743193658536587	0.009465541168812937
11.75320162601626	0.009430243542421854
11.763209593495935	0.009395209108666683
11.77321756097561	0.009360435766308187
11.783225528455285	0.00932592144248735
11.79323349593496	0.00929166409237164
11.803241463414635	0.00925766169880837
11.81324943089431	0.009223912271984791
11.823257398373984	0.009190413849095027
11.83326536585366	0.00915716449401359
11.843273333333334	0.009124162296975411
11.85328130081301	0.009091405374262363
11.863289268292684	0.009058891867895963
11.873297235772359	0.00902661994533641
11.883305203252034	0.008994587799187636
11.893313170731709	0.00896279364690843
11.903321138211382	0.00893123573052944
11.913329105691057	0.008899912316376008
11.923337073170732	0.008868821694796792
11.933345040650407	0.008837962179897949
11.943353008130082	0.008807332109282955
11.953360975609757	0.0087769298437979
11.963368943089431	0.008746753767282144
11.973376910569106	0.008716802286324363
11.983384878048781	0.008687073830023819
11.993392845528456	0.008657566849756802
12.003400813008131	0.008628279818948186
12.013408780487806	0.008599211232848085
12.023416747967481	0.008570359608313373
12.033424715447156	0.008541723483594233
12.04343268292683	0.00851330141812548
12.053440650406504	0.00848509199232271
12.063448617886179	0.008457093807383161
12.073456585365854	0.008429305485091276
12.083464552845529	0.008401725667628875
12.093472520325204	0.008374353017389879
12.103480487804879	0.008347186216799581
12.113488455284553	0.00832022396813838
12.123496422764228	0.008293464993369927
12.133504390243903	0.008266908033973671
12.143512357723578	0.00824055185078172
12.153520325203253	0.008214395223820009
12.163528292682928	0.008188436952153716
12.173536260162603	0.008162675853736907
12.183544227642278	0.008137110765266341
12.193552195121953	0.00811174054203944
12.203560162601626	0.008086564057816365
12.2135681300813	0.008061580204686157
12.223576097560976	0.008036787892936971
12.23358406504065	0.008012186050930285
12.243592032520326	0.007987773624979166
12.2536	0.00796354957923042
12.263607967479675	0.007939512895550808
12.27361593495935	0.007915662573417082
12.283623902439025	0.007891997629810008
12.2936318699187	0.00786851709911224
12.303639837398375	0.007845220033010074
12.31364780487805	0.007822105500399081
12.323655772357725	0.007799172587293571
12.3336637398374	0.007776420396739873
12.343671707317075	0.007753848048733501
12.353679674796748	0.007731454680140058
12.363687642276423	0.007709239444619997
12.373695609756098	0.007687201512557202
12.383703577235773	0.0076653400709913245
12.393711544715448	0.007643654323553947
12.403719512195122	0.00762214349040853
12.413727479674797	0.007600806808194192
12.423735447154472	0.007579643529973249
12.433743414634147	0.007558652925182602
12.443751382113822	0.007537834279588908
12.453759349593497	0.0075171868952475995
12.463767317073172	0.007496710090465717
12.473775284552847	0.007476403199768616
12.483783252032522	0.0074562655738704894
12.493791219512197	0.0074362965796488205
12.50379918699187	0.007416495600122663
12.513807154471545	0.007396862034434889
12.52381512195122	0.0073773952978383435
12.533823089430895	0.007358094821685946
12.54383105691057	0.0073389600534247874
12.553839024390244	0.00731999045659423
12.56384699186992	0.007301185510828028
12.573854959349594	0.007282544711860536
12.58386292682927	0.0072640675715370095
12.593870894308944	0.0072457536178280055
12.603878861788619	0.007227602394848022
12.613886829268294	0.007209613462878275
12.623894796747969	0.0071917863983937775
12.633902764227644	0.0071741207940946815
12.643910731707317	0.007156616258941997
12.653918699186992	0.0071392724181976374
12.663926666666667	0.007122088913468985
12.673934634146342	0.0071050654027578885
12.683942601626017	0.007088201560514232
12.693950569105692	0.007071497077694116
12.703958536585366	0.007054951661822695
12.713966504065041	0.007038565037061749
12.723974471544716	0.00702233694428206
12.733982439024391	0.007006267141140662
12.743990406504066	0.006990355402163008
12.753998373983741	0.006974601518830161
12.764006341463416	0.006959005299671107
12.77401430894309	0.006943566570360193
12.784022276422766	0.006928285173819854
12.794030243902439	0.006913160970328689
12.804038211382114	0.006898193837634961
12.814046178861789	0.0068833836710756385
12.824054146341464	0.006868730383701064
12.834062113821139	0.0068542339064053505
12.844070081300814	0.006839894188062635
12.854078048780488	0.00682571119566926
12.864086016260163	0.006811684914492023
12.874093983739838	0.006797815348222613
12.884101951219513	0.0067841025191383315
12.894109918699188	0.006770546468269278
12.904117886178863	0.006757147255572029
12.914125853658538	0.006743904960110097
12.924133821138213	0.0067308196802411445
12.934141788617888	0.006717891533811227
12.944149756097561	0.00670512065835615
12.954157723577236	0.006692507211310115
12.96416569105691	0.0066800513702218066
12.974173658536586	0.006667753332978106
12.98418162601626	0.006655613318035568
12.994189593495935	0.006643631564659893
13.00419756097561	0.006631808333173518
13.014205528455285	0.006620143905211566
13.02421349593496	0.006608638583986319
13.034221463414635	0.006597292694560456
13.04422943089431	0.006586106584129198
13.054237398373985	0.006575080622311668
13.06424536585366	0.00656421520145164
13.074253333333335	0.006553510736927881
13.08426130081301	0.006542967667474413
13.094269268292683	0.006532586455510867
13.104277235772358	0.006522367587483207
13.114285203252033	0.006512311574215147
13.124293170731708	0.0065024189512704455
13.134301138211383	0.006492690279326408
13.144309105691057	0.006483126144558945
13.154317073170732	0.0064737271590393705
13.164325040650407	0.0064644939611433905
13.174333008130082	0.006455427215972498
13.184340975609757	0.006446527615788195
13.194348943089432	0.006437795880459325
13.204356910569107	0.0064292327579229544
13.214364878048782	0.0064208390246590814
13.224372845528457	0.006412615486179663
13.234380813008132	0.006404562977532283
13.244388780487805	0.006396682363818907
13.25439674796748	0.006388974540730166
13.264404715447155	0.0063814404350955945
13.27441268292683	0.00637408100545029
13.284420650406505	0.006366897242618479
13.29442861788618	0.00635989017031445
13.304436585365854	0.006353060845761437
13.31444455284553	0.006346410360328899
13.324452520325204	0.006339939840188794
13.33446048780488	0.006333650446991407
13.344468455284554	0.006327543378561319
13.354476422764229	0.006321619869614122
13.364484390243904	0.006315881192494507
13.374492357723579	0.006310328657936415
13.384500325203254	0.006304963615845861
13.394508292682927	0.006299787456107207
13.404516260162602	0.006294801609413568
13.414524227642277	0.006290007548122125
13.424532195121952	0.006285406787135103
13.434540162601627	0.0062810008848072744
13.444548130081301	0.0062767914438807545
13.454556097560976	0.0062727801124480755
13.464564065040651	0.006268968584944308
13.474572032520326	0.006265358603169267
13.484580000000001	0.006261951957340774
13.494587967479676	0.0062587504871799045
13.504595934959351	0.006255756083029385
13.514603902439026	0.006252970687006136
13.5246118699187	0.006250396294189139
13.534619837398374	0.006248034953843807
13.544627804878049	0.0062458887706840285
13.554635772357724	0.006243959906173224
13.564643739837399	0.006242250579865663
13.574651707317074	0.006240763070789466
13.584659674796749	0.006239499718872658
13.594667642276423	0.006238462926413788
13.604675609756098	0.006237655159598658
13.614683577235773	0.006237078950064674
13.624691544715448	0.0062367368965146166
13.634699512195123	0.0062366316663814035
13.644707479674798	0.006236765997545771
13.654715447154473	0.006237142700108621
13.664723414634148	0.006237764658220079
13.674731382113823	0.006238634831967198
13.684739349593496	0.006239756259322467
13.69474731707317	0.006241132058155279
13.704755284552846	0.006242765428308639
13.71476325203252	0.006244659653743498
13.724771219512196	0.0062468181047531735
13.73477918699187	0.006249244240250411
13.744787154471545	0.0062519416101297935
13.75479512195122	0.0062549138577082785
13.764803089430895	0.006258164722246744
13.77481105691057	0.006261698041555652
13.784819024390245	0.006265517754687878
13.79482699186992	0.006269627904722122
13.804834959349595	0.006274032641640246
13.81484292682927	0.006278736225302171
13.824850894308945	0.006283743028522071
13.834858861788618	0.006289057540249753
13.844866829268293	0.006294684368861325
13.854874796747968	0.006300628245563363
13.864882764227643	0.006306894027915094
13.874890731707318	0.006313486703473132
13.884898699186992	0.006320411393563737
13.894906666666667	0.006327673357187536
13.904914634146342	0.006335277995062122
13.914922601626017	0.006343230853807966
13.924930569105692	0.006351537630283474
13.934938536585367	0.006360204176075244
13.944946504065042	0.006369236502149827
13.954954471544717	0.006378640783673645
13.964962439024392	0.006388423365007943
13.974970406504067	0.006398590764886089
13.98497837398374	0.006409149681780779
13.994986341463415	0.0064201069994691
14.00499430894309	0.006431469792803776
14.015002276422765	0.006443245333699358
14.02501024390244	0.006455441097342442
14.035018211382114	0.006468064768635555
14.04502617886179	0.00648112424888472
14.055034146341464	0.006494627662741259
14.06504211382114	0.006508583365408892
14.075050081300814	0.006522999950127691
14.085058048780489	0.006537886255947128
14.095066016260164	0.006553251375800935
14.105073983739839	0.006569104664897229
14.115081951219514	0.006585455749437987
14.125089918699189	0.00660231453568267
14.135097886178862	0.006619691219371588
14.145105853658537	0.006637596295525327
14.155113821138212	0.0066560405686374524
14.165121788617887	0.006675035163278584
14.175129756097562	0.006694591535130897
14.185137723577236	0.006714721482473032
14.195145691056911	0.006735437158136539
14.205153658536586	0.0067567510819560375
14.215161626016261	0.006778676153736519
14.225169593495936	0.006801225666762362
14.235177560975611	0.006824413321874115
14.245185528455286	0.006848253242140367
14.25519349593496	0.0068727599881536075
14.265201463414636	0.0068979485739805516
14.27520943089431	0.006923834483799029
14.285217398373984	0.006950433689255441
14.295225365853659	0.006977762667578579
14.305233333333334	0.007005838420487627
14.315241300813009	0.007034678493934415
14.325249268292684	0.007064300998722167
14.335257235772358	0.007094724632045427
14.345265203252033	0.007125968699998469
14.355273170731708	0.0071580531411022654
14.365281138211383	0.007190998550902881
14.375289105691058	0.007224826207697474
14.385297073170733	0.007259558099447245
14.395305040650408	0.007295216951940317
14.405313008130083	0.007331826258271239
14.415320975609758	0.007369410309707955
14.425328943089431	0.007407994228021203
14.435336910569106	0.0074476039993561565
14.44534487804878	0.007488266509730734
14.455352845528456	0.007530009582250594
14.46536081300813	0.007572862016136184
14.475368780487806	0.007616853627663345
14.48537674796748	0.007662015293125431
14.495384715447155	0.007708378993931713
14.50539268292683	0.007755977863964351
14.515400650406505	0.007804846239323971
14.52540861788618	0.00785501971060258
14.535416585365855	0.007906535177831474
14.54542455284553	0.007959430908261754
14.555432520325205	0.00801374659714541
14.56544048780488	0.008069523431696417
14.575448455284553	0.00812680415842323
14.585456422764228	0.008185633154037406
14.595464390243903	0.008246056500156734
14.605472357723578	0.008308122062036955
14.615480325203253	0.008371879571581996
14.625488292682927	0.008437380714900466
14.635496260162602	0.008504679224695224
14.645504227642277	0.008573830977793094
14.655512195121952	0.008644894098144238
14.665520162601627	0.008717929065644349
14.675528130081302	0.008792998831158916
14.685536097560977	0.0088701689381567
14.695544065040652	0.008949507651389906
14.705552032520327	0.009031086093091402
14.715560000000002	0.009114978387194923
14.725567967479675	0.009201261812122798
14.73557593495935	0.009290016962727833
14.745583902439025	0.009381327922021156
14.7555918699187	0.009475282443367906
14.765599837398375	0.009571972143885995
14.77560780487805	0.00967149270984209
14.785615772357724	0.009773944114902757
14.7956237398374	0.009879430852168372
14.805631707317074	0.009988062180993304
14.81563967479675	0.01009995238967893
14.825647642276424	0.010215221075216566
14.835655609756099	0.010333993441356595
14.845663577235774	0.010456400616388455
14.855671544715449	0.010582579992135063
14.865679512195124	0.010712675585795348
14.875687479674797	0.010846838426411572
14.885695447154472	0.010985226967895143
14.895703414634147	0.011128007530716489
14.905711382113822	0.01127535477455533
14.915719349593497	0.011427452204415468
14.925727317073171	0.011584492712939237
14.935735284552846	0.011746679161910273
14.945743252032521	0.011914225006213973
14.955751219512196	0.01208735496383486
14.965759186991871	0.012266305735813107
14.975767154471546	0.012451326780462343
14.985775121951221	0.012642681146572129
14.995783089430896	0.012840646370785884
15.00579105691057	0.01304551544486469
15.015799024390246	0.013257597859125156
15.025806991869919	0.013477220728983181
15.035814959349594	0.013704730012253261
15.045822926829269	0.013940491825653278
15.055830894308944	0.014184893869861454
15.065838861788619	0.014438346973472745
15.075846829268293	0.014701286767325567
15.085854796747968	0.014974175501929135
15.095862764227643	0.015257504022137113
15.105870731707318	0.01555179391480542
15.115878699186993	0.01585759984696588
15.125886666666668	0.01617551211407127
15.135894634146343	0.016506159420153987
15.145902601626018	0.01685021191432812
15.155910569105693	0.017208384510997342
15.165918536585368	0.01758144052445996
15.17592650406504	0.017970195652387104
15.185934471544716	0.018375522346961118
15.19594243902439	0.01879835461737695
15.205950406504066	0.01923969331303174
15.21595837398374	0.019700611943158804
15.225966341463415	0.020182263096043648
15.23597430894309	0.02068588552943931
15.245982276422765	0.021212812013563186
15.25599024390244	0.021764478019323238
15.265998211382115	0.02234243135744626
15.27600617886179	0.02294834288927146
15.286014146341465	0.02358401844749447
15.29602211382114	0.024251412125538482
15.306030081300815	0.024952641118015116
15.316038048780488	0.02569000232254986
15.326046016260163	0.026465990945848422
15.336053983739838	0.02728332139518864
15.346061951219513	0.028144950781667868
15.356069918699188	0.029054105414863775
15.366077886178862	0.030014310731758403
15.376085853658537	0.03102942517785931
15.386093821138212	0.03210367864794208
15.396101788617887	0.0332417162008297
15.406109756097562	0.03444864789095393
15.416117723577237	0.03573010571388383
15.426125691056912	0.03709230884951484
15.436133658536587	0.03854213861266309
15.446141626016262	0.04008722479581287
15.456149593495937	0.04173604542462769
15.46615756097561	0.04349804235868921
15.476165528455285	0.04538375567710196
15.48617349593496	0.04740498041589359
15.496181463414635	0.04957495000358974
15.50618943089431	0.05190855171444689
15.516197398373984	0.05442258067982977
15.52620536585366	0.05713604053825373
15.536213333333334	0.06007050075768725
15.54622130081301	0.06325052315480853
15.556229268292684	0.06670417333236715
15.566237235772359	0.0704636368832482
15.576245203252034	0.07456596557482975
15.586253170731709	0.07905398574956461
15.596261138211384	0.08397741043709497
15.606269105691059	0.0893942089771504
15.616277073170732	0.09537230443633612
15.626285040650407	0.10199169137762483
15.636293008130082	0.109347096921154
15.646300975609757	0.11755134987224297
15.656308943089432	0.1267396809070458
15.666316910569106	0.1370752587053714
15.676324878048781	0.1487563835000324
15.686332845528456	0.16202592755191653
15.696340813008131	0.1771838575462861
15.706348780487806	0.19460403772726403
15.716356747967481	0.21475706017944504
15.726364715447156	0.23824168666088488
15.736372682926831	0.2658287919612247
15.746380650406506	0.29852377244787964
15.75638861788618	0.3376567465497275
15.766396585365854	0.385015452191964
15.776404552845529	0.44304522559208864
15.786412520325204	0.5151569785506556
15.796420487804879	0.6062137324601492
15.806428455284554	0.7233209610923085
15.816436422764228	0.8771498657896952
15.826444390243903	1.084225215822372
15.836452357723578	1.3710111055154193
15.846460325203253	1.7814184042970629
15.856468292682928	2.3907817778956915
15.866476260162603	3.3309266467013146
15.876484227642278	4.825553523347038
15.886492195121953	7.1760833813151
15.896500162601628	10.350921544784578
15.906508130081303	12.654766690095137
15.916516097560976	11.54806724962636
15.92652406504065	8.380425741300993
15.936532032520326	5.6432831237217
15.946540000000002	3.8431993677441207
15.956547967479676	2.7152744044179618
15.966555934959352	1.9943353180374277
15.976563902439025	1.516191110334705
15.986571869918698	1.1867929016561078
15.996579837398375	0.9519024648524945
16.00658780487805	0.779283662475865
16.016595772357725	0.6490876829865293
16.026603739837398	0.5486630067169695
16.036611707317075	0.46968446844420675
16.046619674796748	0.4065141850751764
16.056627642276425	0.3552348639822676
16.066635609756098	0.3130616706387259
16.076643577235775	0.27797394041975365
16.086651544715448	0.24847838299325645
16.096659512195124	0.22345312251494417
16.106667479674798	0.2020427042711289
16.116675447154474	0.18358598921853844
16.126683414634147	0.16756572635703532
16.13669138211382	0.1535726949483061
16.146699349593497	0.141279815916091
16.15670731707317	0.13042319759991217
16.166715284552847	0.12078807856558706
16.17672325203252	0.11219827749342809
16.186731219512197	0.10450818747167763
16.19673918699187	0.09759663861662482
16.206747154471547	0.09136214802292382
16.21675512195122	0.08571921068271421
16.226763089430897	0.08059537913363149
16.23677105691057	0.07592894619265719
16.246779024390246	0.0716670927887038
16.25678699186992	0.06776439737256139
16.266794959349596	0.06418162855838133
16.27680292682927	0.06088476121411657
16.286810894308942	0.0578441700273847
16.29681886178862	0.055033964932201564
16.306826829268292	0.05243144061442483
16.31683479674797	0.05001661828047785
16.326842764227642	0.04777186245181722
16.33685073170732	0.04568155908364231
16.346858699186992	0.04373184405538713
16.35686666666667	0.041910373230678304
16.366874634146342	0.04020612697616078
16.37688260162602	0.03860924336689112
16.38689056910569	0.037110875370498
16.39689853658537	0.03570306815319877
16.40690650406504	0.034378653334350195
16.416914471544718	0.03313115756783434
16.42692243902439	0.03195472327582113
16.436930406504064	0.030844039724507225
16.44693837398374	0.02979428292909805
16.456946341463414	0.028801063119567198
16.46695430894309	0.027860378699985498
16.476962276422764	0.026968575800638748
16.48697024390244	0.026122312660224727
16.496978211382114	0.02531852819041991
16.50698617886179	0.02455441417113347
16.516994146341464	0.023827390605274914
16.52700211382114	0.023135083829498606
16.537010081300814	0.02247530703444428
16.54701804878049	0.021846042896198233
16.557026016260163	0.02124542806159936
16.56703398373984	0.02067173926475184
16.577041951219513	0.02012338088173988
16.587049918699186	0.019598873755832316
16.597057886178863	0.01909684514715117
16.607065853658536	0.018616019679377958
16.617073821138213	0.01815521117208301
16.627081788617886	0.01771331526107639
16.637089756097563	0.017289302721101664
16.647097723577236	0.016882213415538735
16.657105691056913	0.016491150806739293
16.667113658536586	0.016115276968426236
16.677121626016262	0.0157538080483721
16.687129593495936	0.01540601013551009
16.697137560975612	0.015071195490807116
16.707145528455285	0.014748719105778314
16.717153495934962	0.014437975556499404
16.727161463414635	0.01413839612448389
16.73716943089431	0.013849446158868368
16.747177398373985	0.013570622657074894
16.75718536585366	0.013301452043516975
16.767193333333335	0.013041488128040232
16.777201300813008	0.012790310227673917
16.787209268292685	0.012547521436933346
16.797217235772358	0.012312747033402278
16.807225203252035	0.012085633006637654
16.817233170731708	0.011865844699620041
16.827241138211384	0.011653065553015802
16.837249105691058	0.011446995943458705
16.847257073170734	0.011247352107890619
16.857265040650407	0.011053865146755708
16.867273008130084	0.010866280099509566
16.877280975609757	0.010684355086512633
16.88728894308943	0.010507860511914635
16.897296910569107	0.010336578322628173
16.90730487804878	0.010170301318926156
16.917312845528457	0.010008832512593725
16.92732081300813	0.009851984528924496
16.937328780487807	0.009699579049170383
16.94733674796748	0.00955144629034972
16.957344715447157	0.009407424519578898
16.96735268292683	0.009267359600335727
16.977360650406506	0.00913110456827631
16.98736861788618	0.008998519234427772
16.997376585365856	0.008869469813754926
17.00738455284553	0.008743828577265148
17.017392520325206	0.008621473525960873
17.02740048780488	0.008502288085087276
17.037408455284552	0.008386160817243034
17.04741642276423	0.008272985153037047
17.057424390243902	0.008162659138075115
17.06743235772358	0.00805508519515459
17.077440325203252	0.007950169900632305
17.08744829268293	0.007847823774007502
17.097456260162602	0.00774796107983607
17.10746422764228	0.007650499641156021
17.11747219512195	0.007555360663667217
17.12748016260163	0.007462468569961697
17.1374881300813	0.007371750843154477
17.14749609756098	0.007283137879309524
17.15750406504065	0.00719656284810112
17.167512032520328	0.0071119615611886355
17.17752	0.007029272347821568
17.187527967479674	0.006948435937223605
17.19753593495935	0.006869395347337582
17.207543902439024	0.006792095779540897
17.2175518699187	0.006716484518967832
17.227559837398374	0.006642510840100764
17.23756780487805	0.006570125917313601
17.247575772357724	0.006499282740073618
17.2575837398374	0.006429936032525735
17.267591707317074	0.006362042177203094
17.27759967479675	0.006295559142622991
17.287607642276424	0.006230446414544398
17.2976156097561	0.006166664930676283
17.307623577235773	0.006104177018640891
17.31763154471545	0.0060429463370071535
17.327639512195123	0.0059829378192225256
17.337647479674796	0.005924117620280894
17.347655447154473	0.0058664530659756076
17.357663414634146	0.005809912604595154
17.367671382113823	0.005754465760927875
17.377679349593496	0.005700083092450946
17.387687317073173	0.005646736147585242
17.397695284552846	0.00559439742590616
17.407703252032523	0.005543040340205734
17.417711219512196	0.005492639180308874
17.427719186991872	0.0054431690785510575
17.437727154471546	0.0053946059768314285
17.447735121951222	0.005346926595159129
17.457743089430895	0.005300108401616566
17.467751056910572	0.0052541295836665905
17.477759024390245	0.005208969020735851
17.48776699186992	0.005164606258009347
17.497774959349595	0.005121021481375839
17.507782926829268	0.005078195493466527
17.517790894308945	0.005036109690732696
17.527798861788618	0.004994746041511528
17.537806829268295	0.004954087065031226
17.547814796747968	0.004914115811310245
17.557822764227645	0.004874815841906897
17.567830731707318	0.004836171211478955
17.577838699186994	0.004798166450114041
17.587846666666668	0.004760786546394675
17.597854634146344	0.004724016931162841
17.607862601626017	0.0046878434619516685
17.617870569105694	0.004652252408052653
17.627878536585367	0.004617230436189383
17.63788650406504	0.00458276459676935
17.647894471544717	0.004548842310687677
17.65790243902439	0.0045154513566574616
17.667910406504067	0.004482579859042716
17.67791837398374	0.004450216276171565
17.687926341463417	0.004418349389107786
17.69793430894309	0.004386968290860624
17.707942276422767	0.0043560623760131
17.71795024390244	0.004325621330750683
17.727958211382116	0.004295635123272458
17.73796617886179	0.004266093994568415
17.747974146341466	0.004236988449546657
17.75798211382114	0.0042083092484957564
17.767990081300812	0.00418004739886756
17.77799804878049	0.004152194147367009
17.788006016260162	0.004124740972335856
17.79801398373984	0.00409767957641775
17.808021951219512	0.0040710018794931115
17.81802991869919	0.004044700011872238
17.828037886178862	0.0040187663077361924
17.83804585365854	0.003993193298814935
17.848053821138212	0.0039679737082932275
17.85806178861789	0.003943100444934684
17.86806975609756	0.003918566597415393
17.87807772357724	0.003894365428858314
17.88808569105691	0.003870490371560639
17.898093658536588	0.003846935021906101
17.90810162601626	0.003823693135455126
17.918109593495934	0.003800758622205489
17.92811756097561	0.0037781255420169593
17.938125528455284	0.0037557881001933865
17.94813349593496	0.003733740643216001
17.958141463414634	0.0037119776546222223
17.96814943089431	0.0036904937510241105
17.978157398373984	0.003669283678261302
17.98816536585366	0.003648342307683039
17.998173333333334	0.0036276646325545917
18.00818130081301	0.0036072457645831167
18.018189268292684	0.0035870809305586448
18.02819723577236	0.0035671654691056646
18.038205203252033	0.0035474948275413466
18.04821317073171	0.0035280645588362334
18.058221138211383	0.0035088703186737934
18.068229105691056	0.0034899078626049844
18.078237073170733	0.003471173043294486
18.088245040650406	0.003452661807855192
18.098253008130083	0.0034343701952676614
18.108260975609756	0.0034162943338816253
18.118268943089433	0.0033984304389963705
18.128276910569106	0.003380774810517367
18.138284878048783	0.003363323830686228
18.148292845528456	0.0033460739618815525
18.158300813008132	0.003329021744487966
18.168308780487806	0.003312163794831141
18.178316747967482	0.0032954968031762644
18.188324715447155	0.0032790175317879413
18.198332682926832	0.003262722813049195
18.208340650406505	0.003246609547637694
18.21834861788618	0.0032306747027570654
18.228356585365855	0.003214915310421512
18.23836455284553	0.0031993284657918773
18.248372520325205	0.003183911325561343
18.258380487804878	0.0031686611063891793
18.268388455284555	0.0031535750833808105
18.278396422764228	0.003138650588612741
18.288404390243905	0.0031238850097007184
18.298412357723578	0.003109275788409838
18.308420325203254	0.003094820419305015
18.318428292682928	0.003080516448440667
18.328436260162604	0.0030663614720881542
18.338444227642277	0.003052353135499876
18.348452195121954	0.0030384891317086814
18.358460162601627	0.003024767200361601
18.3684681300813	0.003011185126586621
18.378476097560977	0.002997740739891567
18.38848406504065	0.002984431913094006
18.398492032520327	0.0029712565612811234
18.4085	0.0029582126407987474
